Sensor Model:   PT-100-20K
Serial Number:	Pt1894
Data Format:    3      (Ohms/Kelvin)
SetPoint Limit: 325.0      (Kelvin)
Temperature coefficient:  2 (Positive)
Number of Breakpoints:   49

No.   Units      Temperature (K)
 
1	1.224	20.1
2	1.307	20.8
3	1.410	21.6
4	1.521	22.4
5	1.640	23.2
6	1.766	24.0
7	1.900   24.8
8	2.059	25.7
9	2.228	26.6
10	2.405	27.5
11	2.591	28.4
12	2.806	29.4
13	3.032	30.4
14	3.268	31.4
15	3.537	32.5
16	3.817	33.6
17	4.135	34.8
18	4.464	36.0
19	4.834	37.3
20	5.216	38.6
21	5.641   40.0
22	6.080	41.4
23	6.531   42.8
24	7.061	44.4
25	7.675	46.2
26	8.306	48.0
27	9.026	50.0
28	9.839	52.2
29	10.748	54.6
30	11.756	57.2
31	12.867	60.0
32	14.08	63.0
33	15.522	66.5
34	17.409	71.0
35	19.965	77.0
36	29.022	98.0
37	33.926	109.5
38	39.36	122.5
39	44.672	135.5
40	50.084	149.0
41	55.824	163.5
42	62.134	179.5
43	68.879	196.5
44	76.107	214.5
45	83.625	233.0
46	91.385	252.0
47	99.305	271.5
48	107.329	291.5
49	115.133	311.0